1,52,103,154,205,256,307,358,409,460,511,562,613,664,715,766,817,868,919,970,1021,1072,1123,1174,1225
2,53,104,155,206,257,308,359,410,461,512,563,614,665,716,767,818,869,920,971,1022,1073,1124,1175,1226
3,54,105,156,207,258,309,360,411,462,513,564,615,666,717,768,819,870,921,972,1023,1074,1125,1176,1227
4,55,106,157,208,259,310,361,412,463,514,565,616,667,718,769,820,871,922,973,1024,1075,1126,1177,1228
5,56,107,158,209,260,311,362,413,464,515,566,617,668,719,770,821,872,923,974,1025,1076,1127,1178,1229
6,57,108,159,210,261,312,363,414,465,516,567,618,669,720,771,822,873,924,975,1026,1077,1128,1179,1230
7,58,109,160,211,262,313,364,415,466,517,568,619,670,721,772,823,874,925,976,1027,1078,1129,1180,1231
8,59,110,161,212,263,314,365,416,467,518,569,620,671,722,773,824,875,926,977,1028,1079,1130,1181,1232
9,60,111,162,213,264,315,366,417,468,519,570,621,672,723,774,825,876,927,978,1029,1080,1131,1182,1233
10,61,112,163,214,265,316,367,418,469,520,571,622,673,724,775,826,877,928,979,1030,1081,1132,1183,1234
11,62,113,164,215,266,317,368,419,470,521,572,623,674,725,776,827,878,929,980,1031,1082,1133,1184,1235
12,63,114,165,216,267,318,369,420,471,522,573,624,675,726,777,828,879,930,981,1032,1083,1134,1185,1236
13,64,115,166,217,268,319,370,421,472,523,574,625,676,727,778,829,880,931,982,1033,1084,1135,1186,1237
14,65,116,167,218,269,320,371,422,473,524,575,626,677,728,779,830,881,932,983,1034,1085,1136,1187,1238
15,66,117,168,219,270,321,372,423,474,525,576,627,678,729,780,831,882,933,984,1035,1086,1137,1188,1239
16,67,118,169,220,271,322,373,424,475,526,577,628,679,730,781,832,883,934,985,1036,1087,1138,1189,1240
17,68,119,170,221,272,323,374,425,476,527,578,629,680,731,782,833,884,935,986,1037,1088,1139,1190,1241
18,69,120,171,222,273,324,375,426,477,528,579,630,681,732,783,834,885,936,987,1038,1089,1140,1191,1242
19,70,121,172,223,274,325,376,427,478,529,580,631,682,733,784,835,886,937,988,1039,1090,1141,1192,1243
20,71,122,173,224,275,326,377,428,479,530,581,632,683,734,785,836,887,938,989,1040,1091,1142,1193,1244
21,72,123,174,225,276,327,378,429,480,531,582,633,684,735,786,837,888,939,990,1041,1092,1143,1194,1245
22,73,124,175,226,277,328,379,430,481,532,583,634,685,736,787,838,889,940,991,1042,1093,1144,1195,1246
23,74,125,176,227,278,329,380,431,482,533,584,635,686,737,788,839,890,941,992,1043,1094,1145,1196,1247
24,75,126,177,228,279,330,381,432,483,534,585,636,687,738,789,840,891,942,993,1044,1095,1146,1197,1248
25,76,127,178,229,280,331,382,433,484,535,586,637,688,739,790,841,892,943,994,1045,1096,1147,1198,1249
26,77,128,179,230,281,332,383,434,485,536,587,638,689,740,791,842,893,944,995,1046,1097,1148,1199,1250
27,78,129,180,231,282,333,384,435,486,537,588,639,690,741,792,843,894,945,996,1047,1098,1149,1200,1251
28,79,130,181,232,283,334,385,436,487,538,589,640,691,742,793,844,895,946,997,1048,1099,1150,1201,1252
29,80,131,182,233,284,335,386,437,488,539,590,641,692,743,794,845,896,947,998,1049,1100,1151,1202,1253
30,81,132,183,234,285,336,387,438,489,540,591,642,693,744,795,846,897,948,999,1050,1101,1152,1203,1254
31,82,133,184,235,286,337,388,439,490,541,592,643,694,745,796,847,898,949,1000,1051,1102,1153,1204,1255
32,83,134,185,236,287,338,389,440,491,542,593,644,695,746,797,848,899,950,1001,1052,1103,1154,1205,1256
33,84,135,186,237,288,339,390,441,492,543,594,645,696,747,798,849,900,951,1002,1053,1104,1155,1206,1257
34,85,136,187,238,289,340,391,442,493,544,595,646,697,748,799,850,901,952,1003,1054,1105,1156,1207,1258
35,86,137,188,239,290,341,392,443,494,545,596,647,698,749,800,851,902,953,1004,1055,1106,1157,1208,1259
36,87,138,189,240,291,342,393,444,495,546,597,648,699,750,801,852,903,954,1005,1056,1107,1158,1209,1260
37,88,139,190,241,292,343,394,445,496,547,598,649,700,751,802,853,904,955,1006,1057,1108,1159,1210,1261
38,89,140,191,242,293,344,395,446,497,548,599,650,701,752,803,854,905,956,1007,1058,1109,1160,1211,1262
39,90,141,192,243,294,345,396,447,498,549,600,651,702,753,804,855,906,957,1008,1059,1110,1161,1212,1263
40,91,142,193,244,295,346,397,448,499,550,601,652,703,754,805,856,907,958,1009,1060,1111,1162,1213,1264
41,92,143,194,245,296,347,398,449,500,551,602,653,704,755,806,857,908,959,1010,1061,1112,1163,1214,1265
42,93,144,195,246,297,348,399,450,501,552,603,654,705,756,807,858,909,960,1011,1062,1113,1164,1215,1266
43,94,145,196,247,298,349,400,451,502,553,604,655,706,757,808,859,910,961,1012,1063,1114,1165,1216,1267
44,95,146,197,248,299,350,401,452,503,554,605,656,707,758,809,860,911,962,1013,1064,1115,1166,1217,1268
45,96,147,198,249,300,351,402,453,504,555,606,657,708,759,810,861,912,963,1014,1065,1116,1167,1218,1269
46,97,148,199,250,301,352,403,454,505,556,607,658,709,760,811,862,913,964,1015,1066,1117,1168,1219,1270
47,98,149,200,251,302,353,404,455,506,557,608,659,710,761,812,863,914,965,1016,1067,1118,1169,1220,1271
48,99,150,201,252,303,354,405,456,507,558,609,660,711,762,813,864,915,966,1017,1068,1119,1170,1221,1272
49,100,151,202,253,304,355,406,457,508,559,610,661,712,763,814,865,916,967,1018,1069,1120,1171,1222,1273
50,101,152,203,254,305,356,407,458,509,560,611,662,713,764,815,866,917,968,1019,1070,1121,1172,1223,1274
51,102,153,204,255,306,357,408,459,510,561,612,663,714,765,816,867,918,969,1020,1071,1122,1173,1224,1275
