1
14
26
38
51
52
65
77
89
102
103
116
128
140
153
154
167
179
191
204
205
218
230
242
255
256
269
281
293
306
307
320
332
344
357
358
371
383
395
408
409
422
434
446
459
460
473
485
497
510
511
524
536
548
561
562
575
587
599
612
613
626
638
650
663
664
677
689
701
714
715
728
740
752
765
766
779
791
803
816
817
830
842
854
867
868
881
893
905
918
919
932
944
956
969
970
983
995
1007
1020
1021
1034
1046
1058
1071
1072
1085
1097
1109
1122
1123
1136
1148
1160
1173
1174
1187
1199
1211
1224
1225
1238
1250
1262
1275
