7.94402e-06
0.000156712
0.000376358
0.000156712
7.94402e-06
0.000156712
0.00309148
0.00742444
0.00309148
0.000156712
0.000376358
0.00742444
0.0178304
0.00742444
0.000376358
0.000156712
0.00309148
0.00742444
0.00309148
0.000156712
7.94402e-06
0.000156712
0.000376358
0.000156712
7.94402e-06
0.000156712
0.00309148
0.00742444
0.00309148
0.000156712
0.00309148
0.0609859
0.146463
0.0609859
0.00309148
0.00742444
0.146463
0.351742
0.146463
0.00742444
0.00309148
0.0609859
0.146463
0.0609859
0.00309148
0.000156712
0.00309148
0.00742444
0.00309148
0.000156712
0.000376358
0.00742444
0.0178304
0.00742444
0.000376358
0.00742444
0.146463
0.351742
0.146463
0.00742444
0.0178304
0.351742
0.844736
0.351742
0.0178304
0.00742444
0.146463
0.351742
0.146463
0.00742444
0.000376358
0.00742444
0.0178304
0.00742444
0.000376358
0.000156712
0.00309148
0.00742444
0.00309148
0.000156712
0.00309148
0.0609859
0.146463
0.0609859
0.00309148
0.00742444
0.146463
0.351742
0.146463
0.00742444
0.00309148
0.0609859
0.146463
0.0609859
0.00309148
0.000156712
0.00309148
0.00742444
0.00309148
0.000156712
7.94402e-06
0.000156712
0.000376358
0.000156712
7.94402e-06
0.000156712
0.00309148
0.00742444
0.00309148
0.000156712
0.000376358
0.00742444
0.0178304
0.00742444
0.000376358
0.000156712
0.00309148
0.00742444
0.00309148
0.000156712
7.94402e-06
0.000156712
0.000376358
0.000156712
7.94402e-06
